create_mt_time_us,malloc_time_us,processing_time_us,free_time_us,join_mt_time_us,total_time_us,threads
0,6454815,324,1179,0,6456318,16
0,6457393,348,1054,0,6458795,16
0,6464735,317,1145,0,6466197,16
0,6463677,362,1323,0,6465362,16
0,6463904,315,1121,0,6465340,16
0,6471356,329,1164,0,6472849,16
0,6476152,343,1371,0,6477866,16
0,6475945,319,1213,0,6477477,16
0,6483039,326,1272,0,6484637,16
0,6485169,340,1145,0,6486654,16
