create_mt_time_us,malloc_time_us,processing_time_us,free_time_us,join_mt_time_us,total_time_us,threads
0,12154894,491,40,0,12155425,16
0,12226112,482,39,0,12226633,16
0,12287024,476,38,0,12287538,16
0,12330449,479,39,0,12330967,16
0,12342302,1024,52,0,12343378,16
0,12264262,481,39,0,12264782,16
0,12218133,498,42,0,12218673,16
0,12351836,538,39,0,12352413,16
0,12264004,480,38,0,12264522,16
0,12246168,487,38,0,12246693,16
