create_mt_time_us,malloc_time_us,processing_time_us,free_time_us,join_mt_time_us,total_time_us,threads
0,8086,17845,87,0,26018,16
0,7992,17822,93,0,25907,16
0,7952,17847,86,0,25885,16
0,7872,17826,86,0,25784,16
0,7978,17812,86,0,25876,16
0,7855,17817,85,0,25757,16
0,7932,17820,85,0,25837,16
0,7881,17810,90,0,25781,16
0,7886,17785,85,0,25756,16
0,7965,17840,85,0,25890,16
