create_mt_time_us,malloc_time_us,processing_time_us,free_time_us,join_mt_time_us,total_time_us,threads
0,30859,32459,12,0,63330,8
0,10486,31471,18,0,41975,8
0,10214,31707,18,0,41939,8
0,10177,28475,17,0,38669,8
0,10258,36909,17,0,47184,8
0,10175,25541,17,0,35733,8
0,10489,37620,19,0,48128,8
0,10396,28662,18,0,39076,8
0,10353,28264,17,0,38634,8
0,10283,28007,17,0,38307,8
